<!DOCTYPE html>
<html>
  <head>
    <title>script flex box</title>
    <link rel="stylesheet" type="text/css" href="styles.css">
    <link rel="stylesheet" type="text/js" href="test-2.js">
    
  </head>
  <div class="cotainer">
  <body>
    <svg xmlns="http://www.w3.org/2000/svg" xml:space="preserve" width="420mm" height="297mm" version="1.0"
viewBox="0 0 42000 29700"
 xmlns:xlink="http://www.w3.org/1999/xlink">

 <g id="Camada_x0020_1">
  <metadata id="CorelCorpID_0Corel-Layer"/>
  <path class="fil0" d="M3085 10408l66 0 0 -236c0,-69 17,-99 50,-99 34,0 50,30 50,106l0 1510c0,503 -25,625 -150,693 75,54 100,107 100,160 0,54 -25,100 -100,145 84,92 150,237 150,641l0 1517c0,84 -8,137 -58,137 -42,0 -67,-31 -67,-130l0 -213 -66 0 -67 678c92,-7 258,61 283,138 33,-39 100,-61 217,-61 166,0 258,22 366,45 108,23 233,31 433,31 291,0 799,-130 799,-778l0 -1555c0,-297 -216,-488 -391,-579 241,-84 391,-351 391,-519l0 -1532c0,-434 -266,-884 -916,-884 -133,0 -224,23 -316,38 -100,15 -192,38 -341,38 -117,0 -200,-31 -250,-99 -33,91 -167,145 -267,145l84 663zm841 2638c0,-122 25,-267 241,-267 200,0 241,137 241,267l0 1799c0,160 -50,274 -241,274 -191,0 -241,-114 -241,-274l0 -1799zm0 -2745c0,-168 33,-282 241,-282 183,0 241,122 241,282l0 1837c0,206 -124,260 -241,260 -150,0 -241,-77 -241,-260l0 -1837z"/>
  <path id="1" class="fil0" d="M6944 10675c0,-580 34,-946 59,-1014 -67,30 -242,38 -400,38 -75,0 -158,-8 -225,-15 -66,-16 -116,-38 -158,-61 -76,99 -185,160 -311,160l75 877 118 0 0 -443c0,-61 33,-99 85,-99 50,0 75,38 75,244l0 1487c0,358 -59,465 -117,541 50,23 92,84 92,145 0,53 -42,114 -92,152 58,46 117,145 117,542l0 1631c0,122 -17,160 -50,160 -42,0 -59,-23 -59,-107l0 -236 -58 0 -83 633c83,15 200,84 258,160 67,-46 133,-76 316,-76 84,0 150,7 200,22 50,16 92,31 125,54 42,-69 176,-145 253,-145l-42 -610 -76 0 0 198c0,54 0,92 -52,92 -33,0 -50,-23 -50,-168l0 -1608c0,-321 67,-473 134,-542 -50,-30 -84,-84 -84,-145 0,-61 34,-137 84,-152 -67,-61 -134,-160 -134,-541l0 -1174z"/>
  <path id="2" class="fil0" d="M8806 13450c0,-404 25,-679 125,-778 -67,-38 -92,-99 -92,-145 0,-46 34,-99 108,-145 -83,-68 -141,-190 -141,-686l0 -1097c0,-572 125,-610 325,-610 174,0 333,38 333,610l0 266c0,237 -25,321 -75,366 225,99 266,191 266,633l67 0c0,-450 58,-534 275,-633 -67,-45 -125,-129 -125,-366l0 -594c0,-374 33,-450 83,-503 -83,7 -183,-39 -225,-145 -50,61 -100,76 -158,76 -83,0 -158,-23 -250,-38 -91,-15 -208,-38 -383,-38 -441,0 -824,198 -824,671l0 1395c0,518 -50,625 -133,693 66,46 100,115 100,145 0,69 -25,107 -100,145 75,76 133,137 133,640l0 1449c0,541 491,709 866,709 133,0 250,-8 324,-31 67,-23 117,-45 200,-45 42,0 92,7 134,15 41,15 83,30 108,61 16,-61 66,-122 125,-137l0 -1845c0,-122 25,-137 75,-137 51,0 59,15 59,144l0 252 68 0 92 -701c-100,7 -211,-54 -244,-153 -84,69 -217,92 -375,92 -158,0 -266,-31 -341,-92 -34,99 -152,160 -245,153l59 693 76 0 0 -244c0,-114 17,-129 60,-129 33,0 41,7 41,137l0 1151c0,389 -33,458 -183,458 -150,0 -208,-69 -208,-458l0 -1204z"/>
  <path id="3" class="fil0" d="M11983 11811c0,419 -67,503 -150,579 67,30 108,91 108,145 0,53 -41,107 -108,145 67,76 150,198 150,510l0 1609c0,450 483,678 699,671 42,-69 134,-76 250,-76 58,0 108,0 158,15 42,7 75,30 100,61 217,7 691,-244 691,-945l0 -1205c0,-434 67,-602 150,-671 -83,-46 -108,-99 -108,-152 0,-54 41,-130 108,-168 -91,-84 -150,-137 -150,-648l0 -1387c0,-542 -474,-671 -666,-671 -33,45 -141,76 -266,76 -59,0 -125,-8 -175,-23 -42,-15 -83,-30 -100,-53 -358,0 -691,343 -691,762l0 1426zm716 -1556c0,-190 67,-266 241,-266 175,0 225,84 225,259l0 1509c0,290 -25,511 -141,603 66,38 108,106 108,160 0,53 -50,114 -108,152 75,69 141,175 141,679l0 1448c0,229 -83,290 -233,290 -158,0 -233,-77 -233,-290l0 -1410c0,-374 33,-610 133,-694 -75,-53 -108,-114 -108,-175 0,-61 33,-130 108,-168 -66,-61 -133,-160 -133,-602l0 -1495z"/>
  <path id="4" class="fil0" d="M15043 14883c0,122 -16,160 -58,160 -33,0 -66,-15 -66,-76l-2 -275 -60 0 -74 641c93,0 210,61 252,137 42,-54 125,-76 208,-76 42,0 92,7 133,22 42,8 75,31 92,54 50,-76 192,-130 300,-130l-67 -648 -58 0 0 237c0,91 -33,114 -58,114 -34,0 -67,-15 -67,-114l0 -1601c0,-366 33,-542 92,-618 -59,-38 -92,-107 -92,-160 0,-61 33,-122 92,-168 -50,-45 -92,-198 -92,-411l0 -709 42 0 108 709c25,137 33,328 -8,404 83,68 91,114 91,175 8,53 -17,122 -58,160 75,61 158,229 216,541l367 2104c100,0 233,31 299,115 59,-84 217,-130 308,-130l25 -1829c9,-427 92,-747 167,-801 -75,-38 -117,-107 -117,-160 0,-53 9,-107 100,-168 -58,-53 -150,-213 -150,-602l0 -1547c0,-122 17,-145 59,-145 41,0 66,23 66,99l0 206 59 0 66 -656c-91,0 -200,-61 -216,-114 -50,30 -150,76 -250,76 -42,0 -92,-15 -133,-31 -42,-15 -75,-38 -100,-45 -34,45 -168,114 -278,114l75 671 68 0 0 -198c0,-99 42,-130 68,-130 33,0 67,8 67,92l0 2210 -42 0 -558 -2645c-100,15 -233,-53 -274,-114 -67,30 -150,76 -259,76 -49,0 -99,-15 -141,-31 -42,-15 -75,-30 -117,-45 -58,61 -176,106 -294,106l83 671 60 0 0 -228c0,-77 25,-107 68,-107 50,0 58,15 58,129l0 1579c0,442 -50,533 -141,609 58,54 91,122 91,176 0,53 -33,114 -91,152 75,69 141,191 141,587l0 1586z"/>
  <path id="5" class="fil0" d="M18787 13297c0,-427 0,-526 133,-526 50,0 116,46 116,115 0,60 -8,99 -33,144 -25,54 -50,122 -50,199 0,137 108,213 208,198 -33,-38 -50,-84 -50,-130 0,-53 50,-99 158,-190 59,-61 100,-122 100,-214 0,-107 -58,-183 -141,-244l191 -129 -183 -145c92,-54 133,-130 133,-214 0,-76 -58,-167 -100,-206 -83,-76 -116,-122 -116,-167 0,-46 8,-84 33,-122 -75,-8 -216,84 -216,206 0,61 16,122 33,167 17,38 33,61 33,122 0,46 -41,115 -100,115 -91,0 -149,-31 -149,-366l0 -1517c0,-305 83,-389 224,-389 159,0 225,114 225,381l0 465c0,252 -25,351 -83,419 233,92 291,206 291,625l67 0c0,-434 42,-533 275,-625 -50,-83 -59,-213 -59,-411l0 -732c0,-221 25,-328 75,-366 -83,-8 -191,-76 -216,-137 -58,38 -142,76 -200,76 -100,0 -166,-31 -233,-46 -67,-15 -133,-30 -233,-30 -58,0 -117,7 -192,30 -75,23 -166,46 -299,46 -67,0 -142,-8 -200,-23 -59,-15 -100,-30 -133,-53 -59,76 -152,129 -261,137l75 656 68 0 0 -252c8,-61 25,-84 68,-84 33,0 41,23 41,84l0 1578c0,351 -75,541 -150,610 59,46 100,107 100,152 0,54 -41,122 -100,153 59,76 150,259 150,755l0 1463c0,84 -16,115 -58,115 -43,0 -51,-31 -51,-122l0 -244 -77 0 -75 686c84,15 220,91 253,160 58,-54 133,-76 208,-76 100,0 200,15 283,30 83,15 167,46 267,46 124,0 191,-23 258,-38 58,-16 125,-38 233,-38 50,0 91,7 133,15 42,7 75,23 117,38 25,-46 158,-114 224,-130 -58,-61 -75,-106 -75,-480l0 -678c0,-191 34,-336 92,-404 -233,-100 -291,-138 -291,-641l-59 0c0,473 -66,541 -291,625 50,92 58,244 58,420l0 548c0,336 -50,389 -208,389 -175,0 -241,-53 -241,-236l0 -1563z"/>
  <path id="6" class="fil0" d="M22163 14090c0,-236 17,-358 59,-412 -192,-61 -283,-152 -283,-587l-59 0c0,450 -75,526 -299,587 50,61 83,206 83,412l0 816c0,251 -33,343 -83,404 116,23 191,76 241,160 50,-46 83,-76 158,-76 75,0 150,15 233,38 84,23 184,38 317,38 608,0 857,-511 857,-991 0,-419 -150,-991 -241,-1243 -125,-328 -100,-495 -50,-587 -67,0 -142,-30 -167,-84 -25,-45 -8,-137 50,-190 -216,-92 -449,-610 -566,-1007 -58,-198 -166,-739 -166,-1036 0,-206 66,-336 233,-336 183,0 316,130 316,389l0 412c0,297 -25,389 -83,480 216,84 275,160 275,633l66 0c0,-450 67,-557 275,-633 -67,-76 -100,-198 -100,-465l0 -633c0,-160 25,-350 67,-411 -92,7 -200,-46 -242,-145 -33,30 -108,76 -175,76 -83,0 -158,-23 -233,-38 -83,-15 -158,-38 -258,-38 -558,0 -807,411 -807,869 0,564 174,1197 274,1471 92,244 84,389 42,480 75,16 142,61 175,122 17,46 17,138 -25,199 91,22 175,106 283,327 191,382 400,984 400,1586 0,259 -75,412 -308,412 -142,0 -259,-92 -259,-488l0 -511z"/>
  <path id="7" class="fil0" d="M24966 10309c0,-115 33,-168 58,-168 33,0 50,15 50,76l1 229 68 0 75 -694c-93,0 -202,-53 -236,-129 -83,76 -224,76 -358,76 -66,0 -133,-8 -191,-15 -58,-16 -108,-31 -150,-61 -58,76 -191,145 -300,145l117 648 67 0 0 -244c0,-39 16,-69 41,-69 17,0 58,23 58,99l0 1700c0,351 -58,442 -133,503 67,46 92,107 92,160 0,54 -33,99 -83,145 58,61 124,168 124,488l0 1601c0,480 467,671 567,671 33,-54 100,-76 266,-76 92,0 150,7 200,15 50,15 83,30 108,61 208,0 591,-244 591,-763l0 -1379c0,-298 67,-526 158,-580 -66,-38 -116,-91 -116,-152 0,-61 25,-122 100,-168 -92,-68 -142,-213 -142,-442l0 -1753c0,-77 17,-100 50,-100 33,0 42,23 42,107l0 229 66 0 84 -701c-92,0 -192,-61 -233,-145 -59,68 -175,76 -275,76 -42,0 -92,-8 -133,-15 -50,-16 -84,-31 -117,-61 -33,76 -125,129 -200,129l33 694 67 0 0 -213c0,-77 33,-100 67,-100 33,0 58,23 58,122l0 1617c0,327 -58,488 -133,541 66,30 100,114 100,168 0,68 -50,129 -100,160 75,61 133,259 133,411l0 1647c0,198 -75,290 -283,290 -217,0 -258,-99 -258,-290l0 -1304c0,-571 100,-701 166,-754 -66,-31 -116,-107 -116,-160 0,-54 33,-122 116,-161 -75,-68 -166,-190 -166,-518l0 -1593z"/>
  <path id="8" class="fil0" d="M27893 13427c0,-481 33,-679 333,-679 416,0 874,-175 874,-754l0 -1678c0,-282 -274,-693 -891,-693 -116,0 -233,15 -341,38 -116,23 -225,38 -316,38 -59,0 -125,0 -175,-15 -50,-8 -100,-31 -133,-61 -34,84 -160,167 -278,167l75 641 51 0 0 -198c0,-84 25,-130 68,-130 42,0 59,38 59,107l0 1677c0,251 -25,427 -109,511 50,30 92,91 92,160 0,68 -50,114 -100,145 67,68 117,152 117,510l0 1655c0,99 -17,129 -67,129 -43,0 -68,-30 -68,-107l0 -236 -60 0 -80 663c100,8 241,77 291,153 67,-54 192,-76 325,-76 75,0 142,7 200,15 58,15 108,30 141,61 42,-84 142,-145 225,-145l-50 -656 -58 0 0 267c0,46 -25,69 -67,69 -33,0 -58,-15 -58,-99l0 -1479zm0 -3118c0,-221 75,-305 242,-305 174,0 274,84 274,305l0 1746c0,198 -91,297 -266,297 -183,0 -250,-92 -250,-305l0 -1738z"/>
  <path id="9" class="fil0" d="M30795 13427c0,-481 34,-679 333,-679 417,0 875,-175 875,-754l0 -1678c0,-282 -275,-693 -891,-693 -117,0 -233,15 -342,38 -116,23 -224,38 -316,38 -58,0 -125,0 -175,-15 -50,-8 -100,-31 -133,-61 -33,84 -160,167 -278,167l75 641 52 0 0 -198c0,-84 25,-130 68,-130 41,0 58,38 58,107l0 1677c0,251 -25,427 -108,511 50,30 91,91 91,160 0,68 -50,114 -100,145 67,68 117,152 117,510l0 1655c0,99 -17,129 -67,129 -43,0 -68,-30 -68,-107l0 -236 -59 0 -81 663c100,8 242,77 292,153 66,-54 191,-76 324,-76 75,0 142,7 200,15 58,15 108,30 142,61 41,-84 141,-145 224,-145l-50 -656 -58 0 0 267c0,46 -25,69 -66,69 -34,0 -59,-15 -59,-99l0 -1479zm0 -3118c0,-221 75,-305 242,-305 175,0 275,84 275,305l0 1746c0,198 -92,297 -267,297 -183,0 -250,-92 -250,-305l0 -1738z"/>
  <path id="10" class="fil0" d="M33015 11712c0,274 -58,533 -158,609 66,39 100,107 100,160 0,23 -9,54 -25,77 -17,23 -42,45 -84,68 92,69 167,221 167,572l0 1685c0,84 -17,114 -58,114 -42,0 -50,-30 -50,-84l0 -221 -67 0 -67 618c109,0 242,91 275,160 75,-54 133,-76 233,-76 134,0 242,22 350,45 100,23 200,31 316,31 59,0 117,-15 175,-31 58,-7 108,-23 158,-23 34,0 67,8 109,16 33,7 66,23 100,38 50,-76 149,-137 258,-145 -50,-84 -84,-191 -84,-541l0 -435c0,-335 34,-457 92,-533 -225,-84 -283,-199 -283,-626l-58 0c0,450 -34,534 -258,618 33,76 74,206 74,541l0 381c0,214 -41,336 -274,336 -233,0 -258,-122 -258,-336l0 -1532c0,-343 25,-480 124,-572 -66,-30 -99,-84 -99,-145 0,-61 33,-129 99,-160 -99,-91 -124,-198 -124,-609l0 -1495c0,-99 16,-137 66,-137 50,0 67,31 75,92l0 205 58 0 84 -632c-100,0 -225,-61 -267,-122 -50,30 -183,76 -324,76 -67,0 -142,-8 -200,-23 -67,-15 -117,-38 -142,-53 -33,61 -166,122 -250,122l50 625 59 0 0 -176c0,-106 16,-137 50,-137 33,0 58,23 58,130l0 1525z"/>
  <path id="11" class="fil0" d="M36500 13511c0,-542 142,-732 225,-801 -59,-30 -83,-84 -83,-145 0,-84 83,-145 149,-152 -50,-69 -100,-160 -33,-519l333 -1707c17,-69 25,-92 58,-92 25,0 34,23 34,69l-17 252 58 0 109 -664c-71,-7 -138,-76 -163,-129 -33,38 -150,76 -233,76 -33,0 -83,-8 -125,-23 -41,-15 -75,-38 -100,-53 -50,68 -166,106 -283,106l-25 687 59 0 41 -298c8,-38 33,-61 67,-61 29,0 54,38 46,92l-333 1867 -25 0 -250 -1867c0,-38 0,-76 33,-76 33,0 50,15 67,68l33 221 58 0 -33 -617c-108,0 -208,-61 -242,-122 -58,30 -241,76 -366,76 -66,0 -133,-15 -191,-31 -50,-15 -100,-30 -142,-45 -33,38 -116,106 -200,122l125 625 67 0 -25 -214c-8,-53 16,-68 41,-68 34,0 50,15 59,68l274 1647c59,366 34,496 -24,572 74,23 141,68 141,137 0,61 -17,137 -92,183 92,76 225,183 225,816l0 1387c0,76 -8,137 -58,137 -50,0 -67,-45 -67,-137l0 -213 -58 0 -67 663c100,0 192,53 234,122 91,-61 241,-76 341,-76 50,0 117,7 183,22 67,8 125,31 158,54 50,-69 185,-115 303,-115l-92 -625 -59 0 0 214c-2,91 -27,122 -68,122 -42,0 -67,-23 -67,-122l0 -1433z"/>
  <path id="12" class="fil0" d="M37579 15333c67,15 133,76 150,137 33,-46 116,-76 216,-76 50,0 100,7 133,22 42,8 67,31 84,54 41,-61 91,-122 158,-137l0 -679c-67,-15 -133,-76 -158,-137 -34,30 -117,61 -217,61 -100,0 -183,-31 -216,-61 -17,46 -83,122 -150,137l0 679z"/>
  <path id="13" class="fil1 str0" d="M3085 10408l66 0 0 -236c0,-69 17,-99 50,-99 34,0 50,30 50,106l0 1510c0,503 -25,625 -150,693 75,54 100,107 100,160 0,54 -25,100 -100,145 84,92 150,237 150,641l0 1517c0,84 -8,137 -58,137 -42,0 -67,-31 -67,-130l0 -213 -66 0 -67 678c92,-7 258,61 283,138 33,-39 100,-61 217,-61 166,0 258,22 366,45 108,23 233,31 433,31 291,0 799,-130 799,-778l0 -1555c0,-297 -216,-488 -391,-579 241,-84 391,-351 391,-519l0 -1532c0,-434 -266,-884 -916,-884 -133,0 -224,23 -316,38 -100,15 -192,38 -341,38 -117,0 -200,-31 -250,-99 -33,91 -167,145 -267,145l84 663zm841 2638c0,-122 25,-267 241,-267 200,0 241,137 241,267l0 1799c0,160 -50,274 -241,274 -191,0 -241,-114 -241,-274l0 -1799zm0 -2745c0,-168 33,-282 241,-282 183,0 241,122 241,282l0 1837c0,206 -124,260 -241,260 -150,0 -241,-77 -241,-260l0 -1837z"/>
  <path id="14" class="fil1 str0" d="M6944 10675c0,-580 34,-946 59,-1014 -67,30 -242,38 -400,38 -75,0 -158,-8 -225,-15 -66,-16 -116,-38 -158,-61 -76,99 -185,160 -311,160l75 877 118 0 0 -443c0,-61 33,-99 85,-99 50,0 75,38 75,244l0 1487c0,358 -59,465 -117,541 50,23 92,84 92,145 0,53 -42,114 -92,152 58,46 117,145 117,542l0 1631c0,122 -17,160 -50,160 -42,0 -59,-23 -59,-107l0 -236 -58 0 -83 633c83,15 200,84 258,160 67,-46 133,-76 316,-76 84,0 150,7 200,22 50,16 92,31 125,54 42,-69 176,-145 253,-145l-42 -610 -76 0 0 198c0,54 0,92 -52,92 -33,0 -50,-23 -50,-168l0 -1608c0,-321 67,-473 134,-542 -50,-30 -84,-84 -84,-145 0,-61 34,-137 84,-152 -67,-61 -134,-160 -134,-541l0 -1174z"/>
  <path id="15" class="fil1 str0" d="M8806 13450c0,-404 25,-679 125,-778 -67,-38 -92,-99 -92,-145 0,-46 34,-99 108,-145 -83,-68 -141,-190 -141,-686l0 -1097c0,-572 125,-610 325,-610 174,0 333,38 333,610l0 266c0,237 -25,321 -75,366 225,99 266,191 266,633l67 0c0,-450 58,-534 275,-633 -67,-45 -125,-129 -125,-366l0 -594c0,-374 33,-450 83,-503 -83,7 -183,-39 -225,-145 -50,61 -100,76 -158,76 -83,0 -158,-23 -250,-38 -91,-15 -208,-38 -383,-38 -441,0 -824,198 -824,671l0 1395c0,518 -50,625 -133,693 66,46 100,115 100,145 0,69 -25,107 -100,145 75,76 133,137 133,640l0 1449c0,541 491,709 866,709 133,0 250,-8 324,-31 67,-23 117,-45 200,-45 42,0 92,7 134,15 41,15 83,30 108,61 16,-61 66,-122 125,-137l0 -1845c0,-122 25,-137 75,-137 51,0 59,15 59,144l0 252 68 0 92 -701c-100,7 -211,-54 -244,-153 -84,69 -217,92 -375,92 -158,0 -266,-31 -341,-92 -34,99 -152,160 -245,153l59 693 76 0 0 -244c0,-114 17,-129 60,-129 33,0 41,7 41,137l0 1151c0,389 -33,458 -183,458 -150,0 -208,-69 -208,-458l0 -1204z"/>
  <path id="16" class="fil1 str0" d="M11983 11811c0,419 -67,503 -150,579 67,30 108,91 108,145 0,53 -41,107 -108,145 67,76 150,198 150,510l0 1609c0,450 483,678 699,671 42,-69 134,-76 250,-76 58,0 108,0 158,15 42,7 75,30 100,61 217,7 691,-244 691,-945l0 -1205c0,-434 67,-602 150,-671 -83,-46 -108,-99 -108,-152 0,-54 41,-130 108,-168 -91,-84 -150,-137 -150,-648l0 -1387c0,-542 -474,-671 -666,-671 -33,45 -141,76 -266,76 -59,0 -125,-8 -175,-23 -42,-15 -83,-30 -100,-53 -358,0 -691,343 -691,762l0 1426zm716 -1556c0,-190 67,-266 241,-266 175,0 225,84 225,259l0 1509c0,290 -25,511 -141,603 66,38 108,106 108,160 0,53 -50,114 -108,152 75,69 141,175 141,679l0 1448c0,229 -83,290 -233,290 -158,0 -233,-77 -233,-290l0 -1410c0,-374 33,-610 133,-694 -75,-53 -108,-114 -108,-175 0,-61 33,-130 108,-168 -66,-61 -133,-160 -133,-602l0 -1495z"/>
  <path id="17" class="fil1 str0" d="M15043 14883c0,122 -16,160 -58,160 -33,0 -66,-15 -66,-76l-2 -275 -60 0 -74 641c93,0 210,61 252,137 42,-54 125,-76 208,-76 42,0 92,7 133,22 42,8 75,31 92,54 50,-76 192,-130 300,-130l-67 -648 -58 0 0 237c0,91 -33,114 -58,114 -34,0 -67,-15 -67,-114l0 -1601c0,-366 33,-542 92,-618 -59,-38 -92,-107 -92,-160 0,-61 33,-122 92,-168 -50,-45 -92,-198 -92,-411l0 -709 42 0 108 709c25,137 33,328 -8,404 83,68 91,114 91,175 8,53 -17,122 -58,160 75,61 158,229 216,541l367 2104c100,0 233,31 299,115 59,-84 217,-130 308,-130l25 -1829c9,-427 92,-747 167,-801 -75,-38 -117,-107 -117,-160 0,-53 9,-107 100,-168 -58,-53 -150,-213 -150,-602l0 -1547c0,-122 17,-145 59,-145 41,0 66,23 66,99l0 206 59 0 66 -656c-91,0 -200,-61 -216,-114 -50,30 -150,76 -250,76 -42,0 -92,-15 -133,-31 -42,-15 -75,-38 -100,-45 -34,45 -168,114 -278,114l75 671 68 0 0 -198c0,-99 42,-130 68,-130 33,0 67,8 67,92l0 2210 -42 0 -558 -2645c-100,15 -233,-53 -274,-114 -67,30 -150,76 -259,76 -49,0 -99,-15 -141,-31 -42,-15 -75,-30 -117,-45 -58,61 -176,106 -294,106l83 671 60 0 0 -228c0,-77 25,-107 68,-107 50,0 58,15 58,129l0 1579c0,442 -50,533 -141,609 58,54 91,122 91,176 0,53 -33,114 -91,152 75,69 141,191 141,587l0 1586z"/>
  <path id="18" class="fil1 str0" d="M18787 13297c0,-427 0,-526 133,-526 50,0 116,46 116,115 0,60 -8,99 -33,144 -25,54 -50,122 -50,199 0,137 108,213 208,198 -33,-38 -50,-84 -50,-130 0,-53 50,-99 158,-190 59,-61 100,-122 100,-214 0,-107 -58,-183 -141,-244l191 -129 -183 -145c92,-54 133,-130 133,-214 0,-76 -58,-167 -100,-206 -83,-76 -116,-122 -116,-167 0,-46 8,-84 33,-122 -75,-8 -216,84 -216,206 0,61 16,122 33,167 17,38 33,61 33,122 0,46 -41,115 -100,115 -91,0 -149,-31 -149,-366l0 -1517c0,-305 83,-389 224,-389 159,0 225,114 225,381l0 465c0,252 -25,351 -83,419 233,92 291,206 291,625l67 0c0,-434 42,-533 275,-625 -50,-83 -59,-213 -59,-411l0 -732c0,-221 25,-328 75,-366 -83,-8 -191,-76 -216,-137 -58,38 -142,76 -200,76 -100,0 -166,-31 -233,-46 -67,-15 -133,-30 -233,-30 -58,0 -117,7 -192,30 -75,23 -166,46 -299,46 -67,0 -142,-8 -200,-23 -59,-15 -100,-30 -133,-53 -59,76 -152,129 -261,137l75 656 68 0 0 -252c8,-61 25,-84 68,-84 33,0 41,23 41,84l0 1578c0,351 -75,541 -150,610 59,46 100,107 100,152 0,54 -41,122 -100,153 59,76 150,259 150,755l0 1463c0,84 -16,115 -58,115 -43,0 -51,-31 -51,-122l0 -244 -77 0 -75 686c84,15 220,91 253,160 58,-54 133,-76 208,-76 100,0 200,15 283,30 83,15 167,46 267,46 124,0 191,-23 258,-38 58,-16 125,-38 233,-38 50,0 91,7 133,15 42,7 75,23 117,38 25,-46 158,-114 224,-130 -58,-61 -75,-106 -75,-480l0 -678c0,-191 34,-336 92,-404 -233,-100 -291,-138 -291,-641l-59 0c0,473 -66,541 -291,625 50,92 58,244 58,420l0 548c0,336 -50,389 -208,389 -175,0 -241,-53 -241,-236l0 -1563z"/>
  <path id="19" class="fil1 str0" d="M22163 14090c0,-236 17,-358 59,-412 -192,-61 -283,-152 -283,-587l-59 0c0,450 -75,526 -299,587 50,61 83,206 83,412l0 816c0,251 -33,343 -83,404 116,23 191,76 241,160 50,-46 83,-76 158,-76 75,0 150,15 233,38 84,23 184,38 317,38 608,0 857,-511 857,-991 0,-419 -150,-991 -241,-1243 -125,-328 -100,-495 -50,-587 -67,0 -142,-30 -167,-84 -25,-45 -8,-137 50,-190 -216,-92 -449,-610 -566,-1007 -58,-198 -166,-739 -166,-1036 0,-206 66,-336 233,-336 183,0 316,130 316,389l0 412c0,297 -25,389 -83,480 216,84 275,160 275,633l66 0c0,-450 67,-557 275,-633 -67,-76 -100,-198 -100,-465l0 -633c0,-160 25,-350 67,-411 -92,7 -200,-46 -242,-145 -33,30 -108,76 -175,76 -83,0 -158,-23 -233,-38 -83,-15 -158,-38 -258,-38 -558,0 -807,411 -807,869 0,564 174,1197 274,1471 92,244 84,389 42,480 75,16 142,61 175,122 17,46 17,138 -25,199 91,22 175,106 283,327 191,382 400,984 400,1586 0,259 -75,412 -308,412 -142,0 -259,-92 -259,-488l0 -511z"/>
  <path id="20" class="fil1 str0" d="M24966 10309c0,-115 33,-168 58,-168 33,0 50,15 50,76l1 229 68 0 75 -694c-93,0 -202,-53 -236,-129 -83,76 -224,76 -358,76 -66,0 -133,-8 -191,-15 -58,-16 -108,-31 -150,-61 -58,76 -191,145 -300,145l117 648 67 0 0 -244c0,-39 16,-69 41,-69 17,0 58,23 58,99l0 1700c0,351 -58,442 -133,503 67,46 92,107 92,160 0,54 -33,99 -83,145 58,61 124,168 124,488l0 1601c0,480 467,671 567,671 33,-54 100,-76 266,-76 92,0 150,7 200,15 50,15 83,30 108,61 208,0 591,-244 591,-763l0 -1379c0,-298 67,-526 158,-580 -66,-38 -116,-91 -116,-152 0,-61 25,-122 100,-168 -92,-68 -142,-213 -142,-442l0 -1753c0,-77 17,-100 50,-100 33,0 42,23 42,107l0 229 66 0 84 -701c-92,0 -192,-61 -233,-145 -59,68 -175,76 -275,76 -42,0 -92,-8 -133,-15 -50,-16 -84,-31 -117,-61 -33,76 -125,129 -200,129l33 694 67 0 0 -213c0,-77 33,-100 67,-100 33,0 58,23 58,122l0 1617c0,327 -58,488 -133,541 66,30 100,114 100,168 0,68 -50,129 -100,160 75,61 133,259 133,411l0 1647c0,198 -75,290 -283,290 -217,0 -258,-99 -258,-290l0 -1304c0,-571 100,-701 166,-754 -66,-31 -116,-107 -116,-160 0,-54 33,-122 116,-161 -75,-68 -166,-190 -166,-518l0 -1593z"/>
  <path id="21" class="fil1 str0" d="M27893 13427c0,-481 33,-679 333,-679 416,0 874,-175 874,-754l0 -1678c0,-282 -274,-693 -891,-693 -116,0 -233,15 -341,38 -116,23 -225,38 -316,38 -59,0 -125,0 -175,-15 -50,-8 -100,-31 -133,-61 -34,84 -160,167 -278,167l75 641 51 0 0 -198c0,-84 25,-130 68,-130 42,0 59,38 59,107l0 1677c0,251 -25,427 -109,511 50,30 92,91 92,160 0,68 -50,114 -100,145 67,68 117,152 117,510l0 1655c0,99 -17,129 -67,129 -43,0 -68,-30 -68,-107l0 -236 -60 0 -80 663c100,8 241,77 291,153 67,-54 192,-76 325,-76 75,0 142,7 200,15 58,15 108,30 141,61 42,-84 142,-145 225,-145l-50 -656 -58 0 0 267c0,46 -25,69 -67,69 -33,0 -58,-15 -58,-99l0 -1479zm0 -3118c0,-221 75,-305 242,-305 174,0 274,84 274,305l0 1746c0,198 -91,297 -266,297 -183,0 -250,-92 -250,-305l0 -1738z"/>
  <path id="22" class="fil1 str0" d="M30795 13427c0,-481 34,-679 333,-679 417,0 875,-175 875,-754l0 -1678c0,-282 -275,-693 -891,-693 -117,0 -233,15 -342,38 -116,23 -224,38 -316,38 -58,0 -125,0 -175,-15 -50,-8 -100,-31 -133,-61 -33,84 -160,167 -278,167l75 641 52 0 0 -198c0,-84 25,-130 68,-130 41,0 58,38 58,107l0 1677c0,251 -25,427 -108,511 50,30 91,91 91,160 0,68 -50,114 -100,145 67,68 117,152 117,510l0 1655c0,99 -17,129 -67,129 -43,0 -68,-30 -68,-107l0 -236 -59 0 -81 663c100,8 242,77 292,153 66,-54 191,-76 324,-76 75,0 142,7 200,15 58,15 108,30 142,61 41,-84 141,-145 224,-145l-50 -656 -58 0 0 267c0,46 -25,69 -66,69 -34,0 -59,-15 -59,-99l0 -1479zm0 -3118c0,-221 75,-305 242,-305 175,0 275,84 275,305l0 1746c0,198 -92,297 -267,297 -183,0 -250,-92 -250,-305l0 -1738z"/>
  <path id="23" class="fil1 str0" d="M33015 11712c0,274 -58,533 -158,609 66,39 100,107 100,160 0,23 -9,54 -25,77 -17,23 -42,45 -84,68 92,69 167,221 167,572l0 1685c0,84 -17,114 -58,114 -42,0 -50,-30 -50,-84l0 -221 -67 0 -67 618c109,0 242,91 275,160 75,-54 133,-76 233,-76 134,0 242,22 350,45 100,23 200,31 316,31 59,0 117,-15 175,-31 58,-7 108,-23 158,-23 34,0 67,8 109,16 33,7 66,23 100,38 50,-76 149,-137 258,-145 -50,-84 -84,-191 -84,-541l0 -435c0,-335 34,-457 92,-533 -225,-84 -283,-199 -283,-626l-58 0c0,450 -34,534 -258,618 33,76 74,206 74,541l0 381c0,214 -41,336 -274,336 -233,0 -258,-122 -258,-336l0 -1532c0,-343 25,-480 124,-572 -66,-30 -99,-84 -99,-145 0,-61 33,-129 99,-160 -99,-91 -124,-198 -124,-609l0 -1495c0,-99 16,-137 66,-137 50,0 67,31 75,92l0 205 58 0 84 -632c-100,0 -225,-61 -267,-122 -50,30 -183,76 -324,76 -67,0 -142,-8 -200,-23 -67,-15 -117,-38 -142,-53 -33,61 -166,122 -250,122l50 625 59 0 0 -176c0,-106 16,-137 50,-137 33,0 58,23 58,130l0 1525z"/>
  <path id="24" class="fil1 str0" d="M36500 13511c0,-542 142,-732 225,-801 -59,-30 -83,-84 -83,-145 0,-84 83,-145 149,-152 -50,-69 -100,-160 -33,-519l333 -1707c17,-69 25,-92 58,-92 25,0 34,23 34,69l-17 252 58 0 109 -664c-71,-7 -138,-76 -163,-129 -33,38 -150,76 -233,76 -33,0 -83,-8 -125,-23 -41,-15 -75,-38 -100,-53 -50,68 -166,106 -283,106l-25 687 59 0 41 -298c8,-38 33,-61 67,-61 29,0 54,38 46,92l-333 1867 -25 0 -250 -1867c0,-38 0,-76 33,-76 33,0 50,15 67,68l33 221 58 0 -33 -617c-108,0 -208,-61 -242,-122 -58,30 -241,76 -366,76 -66,0 -133,-15 -191,-31 -50,-15 -100,-30 -142,-45 -33,38 -116,106 -200,122l125 625 67 0 -25 -214c-8,-53 16,-68 41,-68 34,0 50,15 59,68l274 1647c59,366 34,496 -24,572 74,23 141,68 141,137 0,61 -17,137 -92,183 92,76 225,183 225,816l0 1387c0,76 -8,137 -58,137 -50,0 -67,-45 -67,-137l0 -213 -58 0 -67 663c100,0 192,53 234,122 91,-61 241,-76 341,-76 50,0 117,7 183,22 67,8 125,31 158,54 50,-69 185,-115 303,-115l-92 -625 -59 0 0 214c-2,91 -27,122 -68,122 -42,0 -67,-23 -67,-122l0 -1433z"/>
  <path id="25" class="fil1 str0" d="M37579 15333c67,15 133,76 150,137 33,-46 116,-76 216,-76 50,0 100,7 133,22 42,8 67,31 84,54 41,-61 91,-122 158,-137l0 -679c-67,-15 -133,-76 -158,-137 -34,30 -117,61 -217,61 -100,0 -183,-31 -216,-61 -17,46 -83,122 -150,137l0 679z"/>
  <path class="fil2 str0" d="M26497 19821l0 38 -1330 0 0 -9 53 0 0 -20 302 0 0 -38 787 0 0 29 188 0zm-2386 38l0 -29 110 0 0 -38 821 0 0 58 39 0 0 9 -970 0zm-255 -308c0,20 -15,35 -34,35l-325 0c-19,0 -35,-15 -35,-35l0 -13 -244 0 0 13c0,20 -15,35 -35,35l-324 0c-20,0 -35,-15 -35,-35l0 -13 -38 0 0 -39 38 0 0 -18c0,-18 15,-34 35,-34l324 0c20,0 35,16 35,34l0 18 244 0 0 -18c0,-18 16,-34 35,-34l325 0c19,0 34,16 34,34l0 18 111 0 0 39 -111 0 0 13zm-3744 1018c-111,0 -284,5 -356,5 -54,0 -101,-35 -159,-128 30,-31 30,-54 30,-74 0,-24 -39,-47 -39,-47 20,0 35,-7 37,-22l1 -114c25,17 51,29 63,35 29,14 58,19 77,105 19,87 115,149 192,168 42,10 53,-14 10,-24 -95,-21 -150,-115 -154,-148 -5,-34 9,-116 58,-168l91 -5 8 -22 294 -13 0 331c0,6 2,11 4,16 -28,57 -76,105 -157,105l0 0zm1724 -1394l1 0c4,0 7,-3 7,-6l0 -11 10 0c8,0 15,-7 15,-15l0 -24 331 0c-108,50 -201,65 -343,68 -4,-6 -11,-11 -21,-12l0 0zm2558 133c14,0 24,10 24,24 0,13 -10,24 -24,24 -13,0 -24,-11 -24,-24 0,-14 11,-24 24,-24l0 0zm105 0c14,0 25,10 25,24 0,13 -11,24 -25,24 -13,0 -23,-11 -23,-24 0,-14 10,-24 23,-24l0 0zm106 0c13,0 24,10 24,24 0,13 -11,24 -24,24 -13,0 -24,-11 -24,-24 0,-14 11,-24 24,-24l0 0zm437 196l0 125 -821 0 0 -76 -134 0 0 -44 187 0 0 -10 528 0 0 5 240 0zm1378 -13c0,-19 14,-111 112,-111l103 0c19,0 35,15 35,34l0 94c0,19 -16,35 -35,35l-181 0c-18,0 -34,-16 -34,-35l0 -17zm758 272c-79,-12 -189,-67 -223,-156l-129 0 0 22 -27 0 0 -34 -48 0 0 -33 -38 0 0 -456c0,-19 -16,-34 -34,-34l-152 0c-19,0 -35,15 -35,34l0 111 -182 378 0 34 -788 0 0 -29c-235,0 -335,-182 -408,-316l-840 0 0 -24 -187 0 0 -4c0,-19 -15,-34 -35,-34l-29 0c-5,-14 -18,-24 -33,-24l-1232 -39c-12,0 -21,6 -28,14l-44 0c-19,0 -35,16 -35,35l0 14 -71 0 0 -81c0,-19 -16,-35 -35,-35l-175 0c-3,-16 -18,-28 -35,-28 -16,0 -29,10 -34,24l-435 0c-2,-5 -7,-7 -12,-7l-66 0c-5,0 -9,2 -12,7l-23 0 0 -12 -35 -25 0 54 55 0 0 24c0,8 6,15 15,15l15 0 0 11c0,3 2,6 5,6l3 0c-12,1 -18,6 -22,13 -7,0 -14,0 -21,0l0 91 -2679 0c0,0 -34,-10 -62,5 -29,15 -49,33 -49,33l-110 125 -62 0 -58 82 49 0 -93 105 -47 0 1 15c-126,8 -720,120 -808,138 -91,20 -177,29 -249,0 -72,-29 -173,-81 -322,-66 -148,14 -1603,172 -1622,215 -3,5 -6,10 -8,15 -4,-13 -13,-21 -26,-15 -22,11 -43,29 -19,149 24,120 129,935 134,1017 5,81 53,86 72,71 0,-3 -1,-7 -2,-10 18,7 47,6 93,-14 101,-43 2708,-930 2814,-964l105 -4 0 51c0,14 7,24 18,31l-3 -1c-15,43 -25,92 19,154 43,62 19,163 -10,254 -29,91 -124,360 -187,518 -62,158 5,215 58,259 53,43 240,72 346,47 105,-23 105,-96 105,-114 0,-20 0,-73 14,-120 15,-48 217,-513 255,-605 37,-88 83,-135 133,-177 59,92 116,139 189,139 72,0 245,-5 355,-5 98,1 159,-59 191,-124l93 0 14 33 -15 125 24 9 46 -167 6 0c19,0 35,-16 35,-35l0 -209 44 0 0 67 84 0c112,689 493,1488 1408,2042l47 -75 269 -424 92 -143c-741,-506 -991,-1098 -1071,-1634l634 -26 0 -1c0,19 15,35 35,35l95 0 0 13c0,19 15,35 34,35 0,0 86,0 137,-11 52,-10 212,-61 256,-71 43,-9 129,-14 202,-14 72,0 1208,-39 1208,-39 14,0 26,-8 31,-19l41 0c10,0 18,-3 24,-9l35 0 0 -58 970 0 0 24 86 0 0 -24 1388 0 0 19 96 0 0 -67c6,5 11,12 13,19l44 0 0 -57 91 0 0 -29 27 0 0 24 355 0 0 -53c-1,0 -2,0 -3,0l0 0z"/>
  <rect class="fil2 str0" x="2964" y="8036" width="35998" height="626"/>
  <rect class="fil2 str0" x="2959" y="16490" width="35998" height="626"/>
 </g>
</svg>
</div>
        <script src="https://cpwebassets.codepen.io/assets/common/stopExecutionOnTimeout-2c7831bb44f98c1391d6a4ffda0e1fd302503391ca806e7fcc7b9b87197aec26.js">
        </script>
          <script id="rendered-js">
    function _0x52f2(_0x333469, _0x333e58) {const _0x25c79b = _0x25c7();return _0x52f2 = function (_0x52f24c, _0x10ad54) {_0x52f24c = _0x52f24c - 0x178;let _0x6496b = _0x25c79b[_0x52f24c];return _0x6496b;}, _0x52f2(_0x333469, _0x333e58);}const _0x16b572 = _0x52f2;function _0x25c7() {const _0x281a38 = ['56672GyCWEH', '3040145NPnEiJ', '110328aYNCLp', '332268cifrSH', 'querySelector', '8006840RaEKWd', 'fill', '13328VULcnU', '21uhLuWg', 'value', '2502AawaMR', 'onload', 'style', '500814cnNaSS', '4KbZLeR', 'addEventListener', 'input[type=\x22color\x22]', 'svg'];_0x25c7 = function () {return _0x281a38;};return _0x25c7();}(function (_0x3c42e8, _0x14a86b) {const _0x5f19b5 = _0x52f2,_0x4a0373 = _0x3c42e8();while (!![]) {if (window.CP.shouldStopExecution(0)) break;try {const _0xe145af = parseInt(_0x5f19b5(0x187)) / 0x1 + -parseInt(_0x5f19b5(0x17a)) / 0x2 + parseInt(_0x5f19b5(0x17c)) / 0x3 + -parseInt(_0x5f19b5(0x188)) / 0x4 * (-parseInt(_0x5f19b5(0x17b)) / 0x5) + -parseInt(_0x5f19b5(0x17d)) / 0x6 * (parseInt(_0x5f19b5(0x182)) / 0x7) + -parseInt(_0x5f19b5(0x181)) / 0x8 * (-parseInt(_0x5f19b5(0x184)) / 0x9) + -parseInt(_0x5f19b5(0x17f)) / 0xa;if (_0xe145af === _0x14a86b) break;else _0x4a0373['push'](_0x4a0373['shift']());} catch (_0x48f21c) {_0x4a0373['push'](_0x4a0373['shift']());}}window.CP.exitedLoop(0);})(_0x25c7, 0x95ced), window[_0x16b572(0x185)] = () => {const _0x4549ee = _0x16b572,_0xdc8747 = document['querySelector'](_0x4549ee(0x178)),_0x37d236 = document[_0x4549ee(0x17e)](_0x4549ee(0x179));_0xdc8747[_0x4549ee(0x189)]('input', () => {const _0x4c3bb6 = _0x4549ee;_0x37d236[_0x4c3bb6(0x186)][_0x4c3bb6(0x180)] = _0xdc8747[_0x4c3bb6(0x183)];});};
    //# sourceURL=pen.js
        </script>
<input type="color">

    </body>
</html>
